<?xml version="1.0" encoding="UTF-8"?>
<map version="1.10" tiledversion="1.11.2" orientation="orthogonal" renderorder="right-down" width="16" height="16" tilewidth="1" tileheight="1" infinite="0" nextlayerid="2" nextobjectid="1">
 <tileset firstgid="1" source="../../../-Arcade/Files/ForMario/Mario.tsx"/>
 <layer id="1" name="Слой тайлов 1" width="16" height="16">
  <data encoding="csv">
4749,4750,4751,4752,4753,4754,4755,4756,4757,4758,4759,4760,4761,4762,4763,4764,
5333,5334,5335,5336,5337,5338,5339,5340,5341,5342,5343,5344,5345,5346,5347,5348,
5917,5918,5919,5920,5921,5922,5923,5924,5925,5926,5927,5928,5929,5930,5931,5932,
6501,6502,6503,6504,6505,6506,6507,6508,6509,6510,6511,6512,6513,6514,6515,6516,
7085,7086,7087,7088,7089,7090,7091,7092,7093,7094,7095,7096,7097,7098,7099,7100,
7669,7670,7671,7672,7673,7674,7675,7676,7677,7678,7679,7680,7681,7682,7683,7684,
8253,8254,8255,8256,8257,8258,8259,8260,8261,8262,8263,8264,8265,8266,8267,8268,
8837,8838,8839,8840,8841,8842,8843,8844,8845,8846,8847,8848,8849,8850,8851,8852,
9421,9422,9423,9424,9425,9426,9427,9428,9429,9430,9431,9432,9433,9434,9435,9436,
10005,10006,10007,10008,10009,10010,10011,10012,10013,10014,10015,10016,10017,10018,10019,10020,
10589,10590,10591,10592,10593,10594,10595,10596,10597,10598,10599,10600,10601,10602,10603,10604,
11173,11174,11175,11176,11177,11178,11179,11180,11181,11182,11183,11184,11185,11186,11187,11188,
11757,11758,11759,11760,11761,11762,11763,11764,11765,11766,11767,11768,11769,11770,11771,11772,
12341,12342,12343,12344,12345,12346,12347,12348,12349,12350,12351,12352,12353,12354,12355,12356,
12925,12926,12927,12928,12929,12930,12931,12932,12933,12934,12935,12936,12937,12938,12939,12940,
13509,13510,13511,13512,13513,13514,13515,13516,13517,13518,13519,13520,13521,13522,13523,13524
</data>
 </layer>
</map>
