<?xml version="1.0" encoding="UTF-8"?>
<map version="1.10" tiledversion="1.11.2" orientation="orthogonal" renderorder="right-down" width="16" height="16" tilewidth="1" tileheight="1" infinite="0" nextlayerid="2" nextobjectid="1">
 <tileset firstgid="1" source="MarioTiled"/>
 <layer id="1" name="Слой тайлов 1" width="16" height="16">
  <data encoding="csv">
0,0,0,0,0,4716,4717,4718,4719,4720,0,0,0,0,0,0,
0,0,0,0,5299,5300,5301,5302,5303,5304,5305,5306,5307,0,0,0,
0,0,0,0,5883,5884,5885,5886,5887,5888,5889,0,0,0,0,0,
0,0,0,6466,6467,6468,6469,6470,6471,6472,6473,6474,6475,0,0,0,
0,0,0,7050,7051,7052,7053,7054,7055,7056,7057,7058,7059,7060,0,0,
0,0,0,7634,7635,7636,7637,7638,7639,7640,7641,7642,7643,0,0,0,
0,0,0,0,0,8220,8221,8222,8223,8224,8225,8226,0,0,0,0,
0,0,0,0,8803,8804,8805,8806,8807,8808,0,0,0,0,0,0,
0,0,0,9386,9387,9388,9389,9390,9391,9392,9393,0,0,0,0,0,
0,0,0,9970,9971,9972,9973,9974,9975,9976,9977,9978,0,0,0,0,
0,0,0,10554,10555,10556,10557,10558,10559,10560,10561,10562,0,0,0,0,
0,0,0,11138,11139,11140,11141,11142,11143,11144,11145,11146,0,0,0,0,
0,0,0,0,11723,11724,11725,11726,11727,11728,11729,0,0,0,0,0,
0,0,0,0,0,12308,12309,12310,12311,12312,12313,0,0,0,0,0,
0,0,0,0,0,12892,12893,12894,12895,12896,12897,12898,0,0,0,0,
0,0,0,0,0,13476,13477,13478,13479,0,0,0,0,0,0,0
</data>
 </layer>
</map>
