<?xml version="1.0" encoding="UTF-8"?>
<map version="1.10" tiledversion="1.11.2" orientation="orthogonal" renderorder="right-down" width="16" height="16" tilewidth="1" tileheight="1" infinite="0" nextlayerid="2" nextobjectid="1">
 <tileset firstgid="1" source="MarioTiled"/>
 <layer id="1" name="Слой тайлов 1" width="16" height="16">
  <data encoding="csv">
0,0,0,0,0,4698,4699,4700,4701,4702,0,0,0,0,0,0,
0,0,0,0,5281,5282,5283,5284,5285,5286,5287,5288,5289,0,0,0,
0,0,0,0,5865,5866,5867,5868,5869,5870,5871,0,0,0,0,0,
0,0,0,6448,6449,6450,6451,6452,6453,6454,6455,6456,6457,0,0,0,
0,0,0,7032,7033,7034,7035,7036,7037,7038,7039,7040,7041,7042,0,0,
0,0,0,7616,7617,7618,7619,7620,7621,7622,7623,7624,7625,0,0,0,
0,0,0,0,0,8202,8203,8204,8205,8206,8207,8208,0,0,0,0,
0,0,8783,8784,8785,8786,8787,8788,8789,8790,0,0,0,0,0,0,
9365,9366,9367,9368,9369,9370,9371,9372,9373,9374,9375,9376,9377,9378,9379,0,
9949,9950,9951,0,9953,9954,9955,9956,9957,9958,9959,9960,9961,9962,9963,0,
10533,10534,0,0,10537,10538,10539,10540,10541,10542,10543,0,0,10546,0,0,
0,0,0,11120,11121,11122,11123,11124,11125,11126,11127,11128,11129,11130,0,0,
0,0,11703,11704,11705,11706,11707,11708,11709,11710,11711,11712,11713,11714,0,0,
0,12286,12287,12288,12289,12290,0,0,0,12294,12295,12296,12297,12298,0,0,
0,12870,12871,12872,0,0,0,0,0,0,0,0,0,0,0,0,
0,0,13455,13456,13457,0,0,0,0,0,0,0,0,0,0,0
</data>
 </layer>
</map>
