<?xml version="1.0" encoding="UTF-8"?>
<map version="1.10" tiledversion="1.11.2" orientation="orthogonal" renderorder="right-down" width="16" height="16" tilewidth="1" tileheight="1" infinite="0" nextlayerid="2" nextobjectid="1">
 <tileset firstgid="1" source="MarioTiled"/>
 <layer id="1" name="Слой тайлов 1" width="16" height="16">
  <data encoding="csv">
0,0,0,0,0,4678,4679,4680,4681,4682,0,0,0,0,0,0,
0,0,0,0,5261,5262,5263,5264,5265,5266,5267,5268,5269,0,0,0,
0,0,0,0,5845,5846,5847,5848,5849,5850,5851,0,0,0,0,0,
0,0,0,6428,6429,6430,6431,6432,6433,6434,6435,6436,6437,0,0,0,
0,0,0,7012,7013,7014,7015,7016,7017,7018,7019,7020,7021,7022,0,0,
0,0,0,7596,7597,7598,7599,7600,7601,7602,7603,7604,7605,0,0,0,
0,0,0,0,0,8182,8183,8184,8185,8186,8187,8188,0,0,0,0,
0,0,0,0,8765,8766,8767,8768,8769,8770,0,0,0,0,0,0,
0,0,0,9348,9349,9350,9351,9352,9353,9354,9355,9356,9357,0,0,0,
0,0,9931,9932,9933,9934,9935,9936,9937,9938,9939,9940,9941,9942,0,0,
0,0,10515,10516,10517,10518,10519,10520,10521,10522,10523,10524,10525,10526,0,0,
0,0,11099,11100,11101,11102,11103,11104,11105,11106,11107,11108,11109,11110,0,0,
0,0,11683,11684,11685,11686,11687,11688,11689,11690,11691,11692,11693,11694,0,0,
0,0,0,0,12269,12270,12271,0,0,12274,12275,12276,0,0,0,0,
0,0,0,12852,12853,12854,0,0,0,0,12859,12860,12861,0,0,0,
0,0,13435,13436,13437,13438,0,0,0,0,13443,13444,13445,13446,0,0
</data>
 </layer>
</map>
