<?xml version="1.0" encoding="UTF-8"?>
<map version="1.10" tiledversion="1.11.2" orientation="orthogonal" renderorder="right-down" width="16" height="16" tilewidth="1" tileheight="1" infinite="0" nextlayerid="2" nextobjectid="1">
 <tileset firstgid="1" source="Tuls.tsx"/>
 <layer id="1" name="Слой тайлов 1" width="16" height="16">
  <data encoding="csv">
312849,312850,312851,312852,312853,312854,312855,312856,312857,312858,312859,312860,312861,312862,312863,312864,
313529,313530,313531,313532,313533,313534,313535,313536,313537,313538,313539,313540,313541,313542,313543,313544,
314209,314210,314211,314212,314213,314214,314215,314216,314217,314218,314219,314220,314221,314222,314223,314224,
314889,314890,314891,314892,314893,314894,314895,314896,314897,314898,314899,314900,314901,314902,314903,314904,
315569,315570,315571,315572,315573,315574,315575,315576,315577,315578,315579,315580,315581,315582,315583,315584,
316249,316250,316251,316252,316253,316254,316255,316256,316257,316258,316259,316260,316261,316262,316263,316264,
316929,316930,316931,316932,316933,316934,316935,316936,316937,316938,316939,316940,316941,316942,316943,316944,
317609,317610,317611,317612,317613,317614,317615,317616,317617,317618,317619,317620,317621,317622,317623,317624,
318289,318290,318291,318292,318293,318294,318295,318296,318297,318298,318299,318300,318301,318302,318303,318304,
318969,318970,318971,318972,318973,318974,318975,318976,318977,318978,318979,318980,318981,318982,318983,318984,
319649,319650,319651,319652,319653,319654,319655,319656,319657,319658,319659,319660,319661,319662,319663,319664,
320329,320330,320331,320332,320333,320334,320335,320336,320337,320338,320339,320340,320341,320342,320343,320344,
321009,321010,321011,321012,321013,321014,321015,321016,321017,321018,321019,321020,321021,321022,321023,321024,
321689,321690,321691,321692,321693,321694,321695,321696,321697,321698,321699,321700,321701,321702,321703,321704,
322369,322370,322371,322372,322373,322374,322375,322376,322377,322378,322379,322380,322381,322382,322383,322384,
0,334130,334131,334132,334133,334134,334135,334136,334137,334138,334139,334140,334141,334142,334143,0
</data>
 </layer>
</map>
