<?xml version="1.0" encoding="UTF-8"?>
<map version="1.10" tiledversion="1.11.2" orientation="orthogonal" renderorder="right-down" width="16" height="16" tilewidth="1" tileheight="1" infinite="0" nextlayerid="2" nextobjectid="1">
 <tileset firstgid="1" source="Tuls.tsx"/>
 <layer id="1" name="Слой тайлов 1" width="16" height="16">
  <data encoding="csv">
0,323930,323931,323932,323933,323934,323935,323936,323937,323938,323939,323940,323941,323942,323943,0,
324609,324610,324611,324612,324613,324614,324615,324616,324617,324618,324619,324620,324621,324622,324623,324624,
325289,325290,325291,325292,325293,325294,325295,325296,325297,325298,325299,325300,325301,325302,325303,325304,
325969,325970,325971,325972,325973,325974,325975,325976,325977,325978,325979,325980,325981,325982,325983,325984,
326649,326650,326651,326652,326653,326654,326655,326656,326657,326658,326659,326660,326661,326662,326663,326664,
327329,327330,327331,327332,327333,327334,327335,327336,327337,327338,327339,327340,327341,327342,327343,327344,
328009,328010,328011,328012,328013,328014,328015,328016,328017,328018,328019,328020,328021,328022,328023,328024,
328689,328690,328691,328692,328693,328694,328695,328696,328697,328698,328699,328700,328701,328702,328703,328704,
329369,329370,329371,329372,329373,329374,329375,329376,329377,329378,329379,329380,329381,329382,329383,329384,
330049,330050,330051,330052,330053,330054,330055,330056,330057,330058,330059,330060,330061,330062,330063,330064,
330729,330730,330731,330732,330733,330734,330735,330736,330737,330738,330739,330740,330741,330742,330743,330744,
331409,331410,331411,331412,331413,331414,331415,331416,331417,331418,331419,331420,331421,331422,331423,331424,
332089,332090,332091,332092,332093,332094,332095,332096,332097,332098,332099,332100,332101,332102,332103,332104,
332769,332770,332771,332772,332773,332774,332775,332776,332777,332778,332779,332780,332781,332782,332783,332784,
333449,333450,333451,333452,333453,333454,333455,333456,333457,333458,333459,333460,333461,333462,333463,333464,
0,334130,334131,334132,334133,334134,334135,334136,334137,334138,334139,334140,334141,334142,334143,0
</data>
 </layer>
</map>
