<?xml version="1.0" encoding="UTF-8"?>
<map version="1.10" tiledversion="1.11.2" orientation="orthogonal" renderorder="right-down" width="16" height="16" tilewidth="1" tileheight="1" infinite="0" nextlayerid="2" nextobjectid="1">
 <tileset firstgid="1" source="Enemy.tsx"/>
 <layer id="1" name="Слой тайлов 1" width="16" height="16">
  <data encoding="csv">
0,0,0,0,0,0,7001,7002,7003,7004,0,0,0,0,0,0,
0,0,0,0,0,7436,7437,7438,7439,7440,7441,0,0,0,0,0,
0,0,0,0,7871,7872,7873,7874,7875,7876,7877,7878,0,0,0,0,
0,0,0,8306,8307,8308,8309,8310,8311,8312,8313,8314,8315,0,0,0,
0,0,8741,8742,8743,8744,8745,8746,8747,8748,8749,8750,8751,8752,0,0,
0,9176,9177,9178,9179,9180,9181,9182,9183,9184,9185,9186,9187,9188,9189,0,
0,9612,9613,9614,9615,9616,9617,9618,9619,9620,9621,9622,9623,9624,9625,0,
10047,10048,10049,10050,10051,10052,10053,10054,10055,10056,10057,10058,10059,10060,10061,10062,
10483,10484,10485,10486,10487,10488,10489,10490,10491,10492,10493,10494,10495,10496,10497,10498,
10919,10920,10921,10922,10923,10924,10925,10926,10927,10928,10929,10930,10931,10932,10933,10934,
0,11356,11357,11358,11359,11360,11361,11362,11363,11364,11365,11366,11367,11368,11369,0,
0,0,0,0,11795,11796,11797,11798,11799,11800,11801,11802,0,0,0,0,
0,0,12229,12230,12231,12232,12233,12234,12235,12236,12237,12238,0,0,0,0,
0,12664,12665,12666,12667,12668,12669,12670,12671,12672,12673,12674,12675,0,0,0,
0,13100,13101,13102,13103,13104,13105,13106,13107,13108,13109,13110,13111,0,0,0,
0,0,13537,13538,13539,13540,13541,0,0,13544,13545,13546,0,0,0,0
</data>
 </layer>
</map>
