<?xml version="1.0" encoding="UTF-8"?>
<map version="1.10" tiledversion="1.11.2" orientation="orthogonal" renderorder="right-down" width="16" height="24" tilewidth="1" tileheight="1" infinite="0" nextlayerid="2" nextobjectid="1">
 <tileset firstgid="1" source="Enemy.tsx"/>
 <layer id="1" name="Слой тайлов 1" width="16" height="24">
  <data encoding="csv">
0,0,0,0,0,0,0,0,0,0,0,0,0,0,0,0,
0,0,0,49272,0,0,0,0,0,0,0,0,0,0,0,0,
0,0,49707,49708,49709,0,0,0,0,0,0,0,0,0,0,0,
0,0,50143,50144,50145,50146,0,0,0,0,0,0,0,0,0,0,
0,50578,50579,50580,50581,50582,50583,0,0,0,0,0,0,0,0,0,
0,51014,51015,51016,51017,51018,51019,0,0,0,0,0,0,0,0,0,
0,51450,51451,51452,51453,51454,51455,0,0,0,0,0,0,0,0,0,
0,51886,51887,51888,51889,51890,51891,0,0,0,0,0,0,0,0,0,
52321,52322,52323,52324,52325,52326,52327,0,0,0,0,0,0,0,0,0,
52757,52758,52759,52760,52761,52762,52763,0,0,0,0,0,0,0,0,0,
53193,53194,53195,53196,53197,53198,0,0,53201,53202,53203,53204,53205,0,0,0,
53629,53630,53631,0,53633,53634,0,53636,53637,53638,53639,53640,53641,53642,0,0,
54065,54066,0,0,54069,54070,0,54072,54073,54074,54075,54076,54077,54078,54079,0,
54501,54502,0,54504,54505,54506,54507,54508,54509,54510,54511,54512,54513,54514,54515,0,
0,54938,0,54940,54941,54942,54943,54944,54945,54946,54947,54948,54949,54950,54951,0,
0,0,0,55376,55377,55378,55379,55380,55381,55382,55383,55384,55385,55386,55387,0,
0,0,55811,55812,55813,55814,55815,55816,55817,55818,55819,55820,55821,55822,55823,0,
0,0,0,56248,56249,56250,56251,56252,56253,56254,56255,56256,56257,56258,56259,0,
0,0,0,56684,56685,56686,56687,56688,56689,56690,56691,56692,56693,56694,56695,0,
0,0,0,0,57121,57122,57123,57124,57125,57126,57127,57128,57129,57130,57131,0,
0,0,0,0,57557,57558,57559,57560,57561,57562,57563,57564,57565,57566,57567,57568,
0,0,0,57992,57993,57994,57995,57996,57997,57998,57999,58000,58001,58002,0,0,
0,0,58427,58428,58429,58430,58431,58432,58433,58434,58435,58436,58437,58438,58439,0,
0,58862,58863,58864,58865,58866,0,0,0,0,0,0,58873,58874,58875,58876
</data>
 </layer>
</map>
