<?xml version="1.0" encoding="UTF-8"?>
<map version="1.10" tiledversion="1.11.2" orientation="orthogonal" renderorder="right-down" width="16" height="24" tilewidth="1" tileheight="1" infinite="0" nextlayerid="2" nextobjectid="1">
 <tileset firstgid="1" source="Enemy.tsx"/>
 <layer id="1" name="Слой тайлов 1" width="16" height="24">
  <data encoding="csv">
0,0,0,0,48855,0,0,0,0,0,0,0,0,0,0,0,
0,0,0,49290,49291,49292,0,0,0,0,0,0,0,0,0,0,
0,0,49725,49726,49727,49728,0,0,0,0,0,0,0,0,0,0,
0,0,50161,50162,50163,50164,50165,0,0,0,0,0,0,0,0,0,
0,50596,50597,50598,50599,50600,50601,0,0,0,0,0,0,0,0,0,
0,51032,51033,51034,51035,51036,51037,0,0,0,0,0,0,0,0,0,
0,51468,51469,51470,51471,51472,51473,0,0,0,0,0,0,0,0,0,
51903,51904,51905,51906,51907,51908,51909,0,0,0,0,0,0,0,0,0,
52339,52340,52341,52342,52343,52344,52345,0,0,0,0,0,0,0,0,0,
52775,52776,52777,0,0,52780,52781,0,52783,52784,52785,52786,52787,0,0,0,
53211,53212,0,0,0,53216,53217,53218,53219,53220,53221,53222,53223,53224,0,0,
0,0,0,0,53651,53652,53653,53654,53655,53656,53657,53658,53659,53660,0,0,
0,0,0,54086,54087,54088,54089,54090,54091,54092,54093,54094,54095,54096,54097,0,
0,54520,54521,54522,54523,54524,54525,54526,54527,54528,54529,54530,54531,54532,54533,0,
0,0,54957,54958,54959,54960,54961,54962,54963,54964,54965,54966,54967,54968,54969,0,
0,0,0,55394,55395,55396,55397,55398,55399,55400,55401,55402,55403,55404,55405,0,
0,0,0,55830,55831,55832,55833,55834,55835,55836,55837,55838,55839,55840,55841,0,
0,0,0,56266,56267,56268,56269,56270,56271,56272,56273,56274,56275,56276,56277,0,
0,0,0,0,56703,56704,56705,56706,56707,56708,56709,56710,56711,56712,56713,0,
0,0,0,0,57139,57140,57141,57142,57143,57144,57145,57146,57147,57148,57149,57150,
0,0,0,0,57575,57576,57577,57578,57579,57580,57581,57582,57583,57584,57585,0,
0,0,0,0,58011,58012,58013,58014,58015,58016,58017,58018,58019,58020,58021,0,
0,0,0,0,0,58448,58449,58450,0,0,0,0,58455,58456,58457,0,
0,0,0,0,0,0,58885,58886,58887,0,0,58890,58891,58892,0,0
</data>
 </layer>
</map>
