<?xml version="1.0" encoding="UTF-8"?>
<map version="1.10" tiledversion="1.11.2" orientation="orthogonal" renderorder="right-down" width="48" height="8" tilewidth="1" tileheight="1" infinite="0" nextlayerid="2" nextobjectid="1">
 <tileset firstgid="1" source="NES - Super Mario Bros. - Stages - World 1-2.tsx"/>
 <layer id="1" name="Слой тайлов 1" width="48" height="8">
  <data encoding="csv">
1086653,1086654,1086655,1086656,1086657,1086658,1086659,1086660,1086661,1086662,1086663,1086664,1086665,1086666,1086667,1086668,1086669,1086670,1086671,1086672,1086673,1086674,1086675,1086676,1086677,1086678,1086679,1086680,1086681,1086682,1086683,1086684,1086685,1086686,1086687,1086688,1086689,1086690,1086691,1086692,1086693,1086694,1086695,1086696,1086697,1086698,1086699,1086700,
1089725,1089726,1089727,1089728,1089729,1089730,1089731,1089732,1089733,1089734,1089735,1089736,1089737,1089738,1089739,1089740,1089741,1089742,1089743,1089744,1089745,1089746,1089747,1089748,1089749,1089750,1089751,1089752,1089753,1089754,1089755,1089756,1089757,1089758,1089759,1089760,1089761,1089762,1089763,1089764,1089765,1089766,1089767,1089768,1089769,1089770,1089771,1089772,
1092797,1092798,1092799,1092800,1092801,1092802,1092803,1092804,1092805,1092806,1092807,1092808,1092809,1092810,1092811,1092812,1092813,1092814,1092815,1092816,1092817,1092818,1092819,1092820,1092821,1092822,1092823,1092824,1092825,1092826,1092827,1092828,1092829,1092830,1092831,1092832,1092833,1092834,1092835,1092836,1092837,1092838,1092839,1092840,1092841,1092842,1092843,1092844,
1095869,1095870,1095871,1095872,1095873,1095874,1095875,1095876,1095877,1095878,1095879,1095880,1095881,1095882,1095883,1095884,1095885,1095886,1095887,1095888,1095889,1095890,1095891,1095892,1095893,1095894,1095895,1095896,1095897,1095898,1095899,1095900,1095901,1095902,1095903,1095904,1095905,1095906,1095907,1095908,1095909,1095910,1095911,1095912,1095913,1095914,1095915,1095916,
1098941,1098942,1098943,1098944,1098945,1098946,1098947,1098948,1098949,1098950,1098951,1098952,1098953,1098954,1098955,1098956,1098957,1098958,1098959,1098960,1098961,1098962,1098963,1098964,1098965,1098966,1098967,1098968,1098969,1098970,1098971,1098972,1098973,1098974,1098975,1098976,1098977,1098978,1098979,1098980,1098981,1098982,1098983,1098984,1098985,1098986,1098987,1098988,
1102013,1102014,1102015,1102016,1102017,1102018,1102019,1102020,1102021,1102022,1102023,1102024,1102025,1102026,1102027,1102028,1102029,1102030,1102031,1102032,1102033,1102034,1102035,1102036,1102037,1102038,1102039,1102040,1102041,1102042,1102043,1102044,1102045,1102046,1102047,1102048,1102049,1102050,1102051,1102052,1102053,1102054,1102055,1102056,1102057,1102058,1102059,1102060,
1105085,1105086,1105087,1105088,1105089,1105090,1105091,1105092,1105093,1105094,1105095,1105096,1105097,1105098,1105099,1105100,1105101,1105102,1105103,1105104,1105105,1105106,1105107,1105108,1105109,1105110,1105111,1105112,1105113,1105114,1105115,1105116,1105117,1105118,1105119,1105120,1105121,1105122,1105123,1105124,1105125,1105126,1105127,1105128,1105129,1105130,1105131,1105132,
1108157,1108158,1108159,1108160,1108161,1108162,1108163,1108164,1108165,1108166,1108167,1108168,1108169,1108170,1108171,1108172,1108173,1108174,1108175,1108176,1108177,1108178,1108179,1108180,1108181,1108182,1108183,1108184,1108185,1108186,1108187,1108188,1108189,1108190,1108191,1108192,1108193,1108194,1108195,1108196,1108197,1108198,1108199,1108200,1108201,1108202,1108203,1108204
</data>
 </layer>
</map>
