<?xml version="1.0" encoding="UTF-8"?>
<map version="1.10" tiledversion="1.11.2" orientation="orthogonal" renderorder="right-down" width="16" height="16" tilewidth="1" tileheight="1" infinite="0" nextlayerid="2" nextobjectid="1">
 <tileset firstgid="1" source="Tuls.tsx"/>
 <layer id="1" name="Слой тайлов 1" width="16" height="16">
  <data encoding="csv">
0,0,0,0,0,0,0,0,0,0,0,0,0,0,0,0,
0,0,0,0,0,0,0,0,0,0,0,0,0,0,0,0,
0,0,0,0,0,0,0,0,0,0,0,0,0,0,0,0,
0,0,0,0,0,0,0,0,0,0,0,0,0,0,0,0,
0,0,0,0,0,0,0,0,0,0,0,0,0,0,0,0,
0,0,0,0,0,0,0,0,0,0,0,0,0,0,0,0,
0,0,0,0,0,0,0,0,0,0,0,0,0,0,0,0,
0,0,0,0,0,0,0,0,0,0,0,0,0,0,0,0,
0,0,0,0,0,0,413447,413448,413449,413450,0,0,0,0,0,0,
0,0,0,0,0,414126,414127,414128,414129,414130,414131,0,0,0,0,0,
0,0,0,0,414805,414806,414807,414808,414809,414810,414811,414812,0,0,0,0,
0,0,0,0,415485,415486,415487,415488,415489,415490,415491,415492,0,0,0,0,
0,0,0,0,416165,416166,416167,416168,416169,416170,416171,416172,0,0,0,0,
0,0,0,0,416845,416846,416847,416848,416849,416850,416851,416852,0,0,0,0,
0,0,0,0,0,417526,417527,417528,417529,417530,417531,0,0,0,0,0,
0,0,0,0,0,0,418207,418208,418209,418210,0,0,0,0,0,0
</data>
 </layer>
</map>
