<?xml version="1.0" encoding="UTF-8"?>
<map version="1.10" tiledversion="1.11.2" orientation="orthogonal" renderorder="right-down" width="16" height="16" tilewidth="1" tileheight="1" infinite="0" nextlayerid="2" nextobjectid="1">
 <tileset firstgid="1" source="Tuls.tsx"/>
 <layer id="1" name="Слой тайлов 1" width="16" height="16">
  <data encoding="csv">
0,429786,429787,429788,429789,429790,429791,429792,429793,429794,429795,429796,429797,429798,429799,0,
430465,430466,430467,430468,430469,430470,430471,430472,430473,430474,430475,430476,430477,430478,430479,430480,
431145,431146,431147,431148,431149,431150,431151,431152,431153,431154,431155,431156,431157,431158,431159,431160,
431825,431826,431827,431828,431829,431830,431831,431832,431833,431834,431835,431836,431837,431838,431839,431840,
432505,432506,432507,432508,432509,432510,432511,432512,432513,432514,432515,432516,432517,432518,432519,432520,
433185,433186,433187,433188,433189,433190,433191,433192,433193,433194,433195,433196,433197,433198,433199,433200,
433865,433866,433867,433868,433869,433870,433871,433872,433873,433874,433875,433876,433877,433878,433879,433880,
434545,434546,434547,434548,434549,434550,434551,434552,434553,434554,434555,434556,434557,434558,434559,434560,
435225,435226,435227,435228,435229,435230,435231,435232,435233,435234,435235,435236,435237,435238,435239,435240,
435905,435906,435907,435908,435909,435910,435911,435912,435913,435914,435915,435916,435917,435918,435919,435920,
436585,436586,436587,436588,436589,436590,436591,436592,436593,436594,436595,436596,436597,436598,436599,436600,
437265,437266,437267,437268,437269,437270,437271,437272,437273,437274,437275,437276,437277,437278,437279,437280,
437945,437946,437947,437948,437949,437950,437951,437952,437953,437954,437955,437956,437957,437958,437959,437960,
438625,438626,438627,438628,438629,438630,438631,438632,438633,438634,438635,438636,438637,438638,438639,438640,
439305,439306,439307,439308,439309,439310,439311,439312,439313,439314,439315,439316,439317,439318,439319,439320,
439985,439986,439987,439988,439989,439990,439991,439992,439993,439994,439995,439996,439997,439998,439999,440000
</data>
 </layer>
</map>
